8.408333333333333215e+00 2.341666666666666785e+00 1.558333333333333348e+00 2.708333333333333481e+00 8.324999999999999289e+00 1.747500000000000142e+01 2.153333333333333499e+01 2.450833333333333286e+01 2.014166666666666572e+01 1.255833333333333357e+01 5.683333333333333570e+00 1.100000000000000089e+00 2.333333333333333481e+00 7.450000000000000178e+00 1.519166666666666643e+01 2.169999999999999929e+01
8.041666666666666075e+00 2.649999999999999911e+00 1.591666666666666563e+00 2.858333333333333393e+00 8.375000000000000000e+00 1.565000000000000036e+01 2.180833333333333357e+01 2.285000000000000142e+01 1.913333333333333286e+01 1.257499999999999929e+01 4.891666666666666607e+00 1.558333333333333348e+00 2.125000000000000000e+00 8.099999999999999645e+00 1.478333333333333321e+01 2.033333333333333215e+01
7.466666666666666785e+00 2.475000000000000089e+00 1.283333333333333437e+00 2.391666666666666607e+00 7.508333333333333748e+00 1.500000000000000000e+01 1.960833333333333428e+01 2.108333333333333215e+01 1.733333333333333215e+01 1.119166666666666643e+01 4.708333333333333037e+00 1.358333333333333393e+00 2.191666666666666874e+00 7.058333333333333570e+00 1.351666666666666750e+01 1.880833333333333357e+01
7.066666666666666430e+00 1.891666666666666607e+00 1.108333333333333393e+00 2.183333333333333126e+00 6.841666666666666785e+00 1.359166666666666679e+01 1.819999999999999929e+01 1.923333333333333428e+01 1.638333333333333286e+01 1.010833333333333250e+01 4.733333333333333393e+00 1.108333333333333393e+00 1.916666666666666741e+00 6.508333333333333748e+00 1.183333333333333393e+01 1.807499999999999929e+01
6.375000000000000000e+00 1.933333333333333348e+00 1.066666666666666652e+00 1.949999999999999956e+00 5.974999999999999645e+00 1.128333333333333321e+01 1.579166666666666607e+01 1.717500000000000071e+01 1.535833333333333250e+01 9.375000000000000000e+00 4.233333333333333393e+00 9.583333333333333703e-01 1.458333333333333259e+00 5.549999999999999822e+00 1.095833333333333393e+01 1.561666666666666714e+01
5.849999999999999645e+00 1.691666666666666652e+00 8.833333333333333037e-01 1.824999999999999956e+00 5.241666666666666252e+00 1.031666666666666643e+01 1.394166666666666643e+01 1.524166666666666714e+01 1.298333333333333250e+01 7.933333333333333570e+00 3.483333333333333393e+00 9.333333333333333481e-01 1.516666666666666607e+00 4.916666666666666963e+00 1.035833333333333250e+01 1.352500000000000036e+01
4.916666666666666963e+00 1.600000000000000089e+00 6.083333333333332815e-01 1.375000000000000000e+00 4.766666666666666607e+00 9.824999999999999289e+00 1.248333333333333250e+01 1.325000000000000000e+01 1.049166666666666714e+01 7.049999999999999822e+00 2.875000000000000000e+00 7.583333333333333037e-01 1.416666666666666741e+00 4.700000000000000178e+00 8.983333333333332504e+00 1.218333333333333357e+01
4.224999999999999645e+00 1.541666666666666741e+00 6.083333333333332815e-01 1.350000000000000089e+00 3.858333333333333393e+00 7.958333333333333037e+00 1.047499999999999964e+01 1.085833333333333250e+01 9.416666666666666075e+00 6.299999999999999822e+00 2.933333333333333126e+00 6.333333333333333037e-01 1.016666666666666607e+00 3.541666666666666519e+00 6.991666666666666252e+00 1.050000000000000000e+01
3.674999999999999822e+00 1.083333333333333259e+00 6.250000000000000000e-01 9.749999999999999778e-01 3.500000000000000000e+00 6.650000000000000355e+00 9.675000000000000711e+00 1.024166666666666714e+01 8.449999999999999289e+00 5.433333333333333570e+00 2.049999999999999822e+00 5.999999999999999778e-01 9.000000000000000222e-01 2.891666666666666607e+00 5.666666666666666963e+00 8.483333333333332504e+00
3.361111111111111160e+00 1.294444444444444509e+00 5.000000000000000000e-01 7.944444444444443976e-01 2.777777777777777679e+00 5.605555555555555181e+00 7.555555555555555358e+00 9.016666666666667496e+00 7.688888888888889106e+00 5.222222222222222321e+00 2.416666666666666519e+00 6.277777777777777679e-01 8.333333333333333703e-01 2.583333333333333481e+00 5.116666666666666252e+00 7.650000000000000355e+00
3.243017924135056074e+00 8.461859107961650084e-01 3.834931221342225971e-01 8.336807002917882015e-01 2.897040433513963897e+00 5.256356815339724875e+00 7.444768653605668973e+00 8.286786160900375009e+00 7.111296373488953826e+00 4.372655273030429335e+00 1.942476031679866599e+00 6.169237182159232891e-01 6.544393497290537098e-01 2.275948311796581969e+00 5.306377657357232103e+00 7.523968320133389120e+00
3.363901625677365281e+00 1.146310962901208708e+00 3.918299291371404869e-01 8.753647353063775949e-01 2.876198416006669589e+00 5.835764902042517299e+00 7.724051688203418031e+00 8.828678616090037679e+00 7.265527303042934371e+00 4.764485202167569433e+00 2.209253855773238850e+00 5.168820341809087227e-01 7.253022092538558008e-01 2.651104626927886621e+00 5.314714464360149826e+00 7.707378074197582585e+00
3.422259274697790676e+00 1.021258857857440638e+00 4.877032096706961362e-01 1.037932471863276307e+00 3.013755731554814243e+00 6.090037515631513187e+00 8.524385160483534563e+00 8.966235931638182777e+00 7.882451021258857438e+00 4.993747394747811263e+00 2.050854522717799000e+00 5.877448937057107026e-01 8.795331388078365675e-01 2.663609837432263205e+00 5.464776990412671509e+00 8.045018757815755706e+00
4.011111111111111072e+00 1.338888888888888795e+00 4.833333333333333370e-01 1.005555555555555536e+00 3.216666666666666785e+00 6.605555555555555181e+00 9.061111111111111782e+00 1.034999999999999964e+01 8.277777777777778567e+00 5.411111111111111427e+00 2.649999999999999911e+00 5.944444444444444420e-01 1.072222222222222188e+00 3.255555555555555536e+00 6.255555555555555536e+00 9.094444444444444997e+00
4.266666666666666607e+00 1.458333333333333259e+00 5.916666666666666741e-01 1.149999999999999911e+00 3.791666666666666519e+00 7.549999999999999822e+00 1.041666666666666607e+01 1.050000000000000000e+01 9.091666666666666785e+00 6.916666666666666963e+00 2.866666666666666696e+00 8.333333333333333703e-01 8.916666666666667185e-01 3.475000000000000089e+00 7.083333333333333037e+00 1.041666666666666607e+01
4.525000000000000355e+00 1.458333333333333259e+00 8.916666666666667185e-01 1.566666666666666652e+00 4.833333333333333037e+00 8.341666666666666785e+00 1.142500000000000071e+01 1.199166666666666714e+01 1.047499999999999964e+01 7.133333333333333748e+00 3.274999999999999911e+00 8.249999999999999556e-01 1.108333333333333393e+00 4.116666666666666252e+00 7.416666666666666963e+00 1.086666666666666714e+01
5.241666666666666252e+00 1.425000000000000044e+00 6.916666666666666519e-01 1.291666666666666741e+00 4.716666666666666785e+00 9.016666666666667496e+00 1.295833333333333393e+01 1.390000000000000036e+01 1.250000000000000000e+01 7.583333333333333037e+00 3.524999999999999911e+00 9.749999999999999778e-01 1.466666666666666563e+00 4.758333333333333748e+00 8.525000000000000355e+00 1.294166666666666643e+01
5.450000000000000178e+00 1.975000000000000089e+00 7.583333333333333037e-01 1.158333333333333437e+00 4.983333333333333393e+00 9.791666666666666075e+00 1.331666666666666643e+01 1.447499999999999964e+01 1.257499999999999929e+01 7.400000000000000355e+00 3.666666666666666519e+00 9.749999999999999778e-01 1.533333333333333437e+00 4.974999999999999645e+00 9.525000000000000355e+00 1.275000000000000000e+01
6.008333333333333748e+00 1.741666666666666696e+00 8.916666666666667185e-01 1.533333333333333437e+00 5.041666666666666963e+00 1.050000000000000000e+01 1.461666666666666714e+01 1.570833333333333393e+01 1.276666666666666750e+01 8.516666666666667496e+00 3.833333333333333481e+00 1.083333333333333259e+00 1.425000000000000044e+00 5.508333333333333748e+00 1.031666666666666643e+01 1.441666666666666607e+01
5.783333333333333215e+00 1.658333333333333437e+00 9.666666666666666741e-01 1.816666666666666652e+00 5.724999999999999645e+00 1.095833333333333393e+01 1.546666666666666679e+01 1.615833333333333499e+01 1.369166666666666643e+01 8.458333333333333925e+00 4.275000000000000355e+00 1.158333333333333437e+00 1.691666666666666652e+00 5.033333333333333215e+00 9.974999999999999645e+00 1.504166666666666607e+01
5.883333333333333748e+00 1.841666666666666563e+00 7.166666666666666741e-01 2.016666666666666607e+00 6.049999999999999822e+00 1.084166666666666679e+01 1.528333333333333321e+01 1.594999999999999929e+01 1.375000000000000000e+01 9.141666666666667496e+00 3.833333333333333481e+00 1.283333333333333437e+00 1.449999999999999956e+00 5.616666666666666252e+00 9.866666666666667140e+00 1.449166666666666714e+01
5.983333333333333393e+00 2.141666666666666607e+00 8.750000000000000000e-01 1.649999999999999911e+00 5.950000000000000178e+00 1.134166666666666679e+01 1.490000000000000036e+01 1.584999999999999964e+01 1.414166666666666750e+01 8.974999999999999645e+00 4.566666666666666430e+00 1.024999999999999911e+00 1.625000000000000000e+00 5.258333333333333748e+00 1.070833333333333393e+01 1.434166666666666679e+01
5.400000000000000355e+00 1.699999999999999956e+00 8.583333333333332815e-01 1.675000000000000044e+00 5.708333333333333037e+00 1.059999999999999964e+01 1.494999999999999929e+01 1.548333333333333250e+01 1.310833333333333250e+01 8.375000000000000000e+00 4.008333333333333748e+00 9.749999999999999778e-01 1.283333333333333437e+00 5.191666666666666430e+00 9.641666666666667496e+00 1.352500000000000036e+01
5.866666666666666252e+00 2.024999999999999911e+00 8.000000000000000444e-01 1.466666666666666563e+00 4.408333333333333215e+00 9.216666666666666785e+00 1.409166666666666679e+01 1.466666666666666607e+01 1.312500000000000000e+01 9.275000000000000355e+00 4.025000000000000355e+00 1.100000000000000089e+00 1.191666666666666652e+00 4.291666666666666963e+00 9.358333333333332504e+00 1.297499999999999964e+01
5.166666666666666963e+00 1.616666666666666696e+00 9.083333333333333259e-01 1.616666666666666696e+00 4.825000000000000178e+00 9.058333333333333570e+00 1.356666666666666643e+01 1.375833333333333286e+01 1.175000000000000000e+01 7.708333333333333037e+00 3.200000000000000178e+00 8.916666666666667185e-01 1.241666666666666696e+00 4.016666666666666607e+00 9.050000000000000711e+00 1.232499999999999929e+01
4.633333333333333748e+00 1.175000000000000044e+00 6.500000000000000222e-01 1.574999999999999956e+00 4.183333333333333570e+00 8.391666666666667496e+00 1.159166666666666679e+01 1.200833333333333286e+01 1.007499999999999929e+01 6.849999999999999645e+00 2.924999999999999822e+00 8.249999999999999556e-01 1.033333333333333437e+00 4.008333333333333748e+00 7.483333333333333393e+00 1.099166666666666714e+01
